%YAML:1.0
---
car_detection: !!opencv-object-detector-hog
   winSize: [ 64, 64 ]
   blockSize: [ 16, 16 ]
   blockStride: [ 8, 8 ]
   cellSize: [ 8, 8 ]
   nbins: 9
   derivAperture: 1
   winSigma: 4.
   histogramNormType: 0
   L2HysThreshold: 2.0000000000000001e-01
   gammaCorrection: 1
   nlevels: 64
   signedGradient: 0
   SVMDetector: [ 1.61947999e-02, 9.11522657e-03, -8.37076921e-03,
       -1.49438577e-02, 2.61454866e-03, -2.36966852e-02, -8.88564344e-03,
       -1.67102944e-02, -6.17413316e-03, -2.86769681e-03, 4.68157837e-03,
       8.78141786e-04, -1.03365805e-03, 2.52812239e-03, 4.79940837e-03,
       7.76505936e-03, -9.53461416e-03, -3.55500332e-03, 3.29774804e-03,
       -2.41346797e-03, 3.24212499e-02, 4.85741906e-03, 1.24686668e-02,
       6.64909231e-03, -1.99681558e-02, -9.38507449e-03, 4.33325593e-04,
       1.16637023e-02, 1.32773991e-03, 2.39428808e-03, -3.09938448e-03,
       -1.46384146e-02, 2.45770905e-02, -8.12979508e-03, -1.21723693e-02,
       -5.59029635e-03, 2.01993473e-02, 1.71700660e-02, -8.36146530e-03,
       4.04515257e-03, -1.63713489e-02, 9.94804502e-03, 6.58495445e-03,
       -5.96952019e-03, 4.26396774e-03, 1.03434836e-02, 1.34327030e-02,
       5.73739351e-04, 4.79165930e-03, -1.20581593e-02, 1.66932847e-02,
       5.11101866e-03, -2.13487148e-02, 4.45329060e-04, 1.19194621e-02,
       -1.56251155e-03, -2.55996420e-04, 1.21729430e-02, -6.09514676e-03,
       -1.00442453e-03, -1.08914170e-03, 2.57680728e-03, 3.14405817e-03,
       8.45885463e-03, 1.53849786e-02, 3.61885410e-03, 3.59623635e-04,
       -7.59727508e-03, 9.28658806e-03, -2.41423910e-03, 5.72729995e-03,
       -2.94551277e-03, 5.79664076e-04, 1.53600434e-02, 2.73049641e-02,
       2.78644846e-03, 7.66379340e-03, 3.29141039e-03, 1.25575671e-02,
       -6.51663495e-03, -1.05344038e-02, 1.66788343e-02, 1.06359264e-02,
       1.55424811e-02, 1.09922867e-02, -6.28824346e-03, -1.08705861e-02,
       -1.83782587e-03, -1.08104385e-02, -2.57572578e-03,
       -1.82518514e-03, 1.99818593e-02, 4.18546423e-03, -6.26631267e-03,
       -8.20059236e-03, -1.01860631e-02, -2.01427552e-04, 4.30050306e-03,
       -2.52291141e-03, -2.58887594e-04, 9.86576360e-03, 9.41606297e-04,
       1.77314579e-02, 5.37360378e-04, 1.51058817e-02, -1.10607725e-02,
       -3.29960557e-03, -3.06400616e-04, 3.02978586e-02, 2.36760974e-02,
       3.58001739e-02, 9.25782602e-03, 4.98530921e-03, -4.63970611e-03,
       2.10432010e-03, 2.21560225e-02, 1.11223254e-02, 1.77141111e-02,
       1.82319432e-02, 7.10430928e-03, -1.70076289e-03, 1.45509448e-02,
       7.62844877e-03, 2.21429579e-02, 2.06438061e-02, 1.51031250e-02,
       7.36538041e-03, 4.54439037e-03, 6.10667653e-03, 1.85830705e-02,
       1.62784792e-02, 1.02481963e-02, -8.91281851e-03, -1.34312622e-02,
       -3.95253953e-03, -2.26152241e-02, -4.66215750e-03,
       -2.25927569e-02, 2.51390077e-02, 9.48871952e-03, 1.75487828e-02,
       3.95853259e-03, -9.31665860e-03, 4.55965661e-03, 3.13379504e-02,
       2.53972802e-02, 6.77746534e-03, -1.81855052e-03, -7.38193188e-03,
       5.54307830e-03, 1.34900426e-02, 1.32979574e-02, -6.42684638e-04,
       3.97842824e-02, 2.18722541e-02, 1.41849183e-03, 1.26832956e-03,
       -1.49303041e-02, 2.12569349e-03, 1.68463346e-02, 2.15759277e-02,
       1.44499829e-02, 1.51184830e-03, 7.47822272e-03, -8.33444856e-03,
       2.12602993e-03, 1.49076618e-02, 2.06887219e-02, -1.13620320e-02,
       -2.67982879e-03, -8.95260833e-03, 7.03014573e-03, 3.98141885e-04,
       -9.92219336e-03, 1.29153933e-02, -1.74900927e-02, -3.69033101e-03,
       -1.73585787e-02, -1.58428177e-02, -1.12388711e-02, 9.67110414e-03,
       -5.84691996e-03, -6.14288438e-04, 1.02026062e-02, -1.48380604e-02,
       3.30136865e-02, 1.67658124e-02, 3.64962663e-03, -1.30273378e-03,
       2.17614826e-02, 5.69604337e-04, -6.61783712e-03, -3.65380757e-03,
       7.50075420e-03, 8.54955614e-03, 4.66839876e-03, -1.46927843e-02,
       -1.61127525e-03, -1.49302725e-02, -2.51262356e-03,
       -2.92858551e-03, -1.58733327e-03, 5.89329796e-03, 2.34595817e-02,
       1.88261960e-02, -7.09117251e-03, -2.34312867e-03, 1.17190089e-03,
       7.12550944e-03, -1.41018694e-02, 9.50953178e-03, 4.00721841e-03,
       7.71785993e-03, 1.45219360e-03, -1.62519626e-02, -9.53152589e-03,
       1.14695039e-02, -2.21022498e-02, 1.50465383e-03, -1.58905648e-02,
       -5.24732657e-03, 1.29813398e-03, 2.03200225e-02, 9.21920146e-05,
       3.19361966e-03, 1.12863909e-02, -1.77625648e-03, -5.61271375e-03,
       -8.66366364e-03, -1.24598527e-02, 1.42561868e-02, 6.11107424e-03,
       -3.65827233e-03, -7.78625981e-05, 1.48859136e-02, 5.19635947e-03,
       1.00063737e-02, 1.53474044e-02, 4.63595527e-04, 7.69489398e-03,
       8.32990929e-03, 5.12550818e-03, -1.50673566e-02, 1.52799918e-03,
       2.69396114e-04, -1.88452576e-03, 2.77307462e-02, -5.24092373e-03,
       -8.95081367e-03, -6.43211184e-03, 1.20339906e-02, -9.29123536e-03,
       1.98762659e-02, -1.91740936e-03, 1.55464113e-02, 4.06844402e-03,
       -6.95181545e-03, -7.00715929e-03, -6.33555744e-03,
       -8.60419963e-03, 1.34636927e-02, -4.19715792e-03, 1.14695420e-02,
       5.55783976e-03, -2.02406514e-02, -1.77896861e-03, -4.59836423e-03,
       -9.23858397e-03, -5.51551441e-03, -7.58250291e-03, 1.29701209e-03,
       9.35303140e-03, 7.19439238e-03, 1.46053620e-02, 5.96910436e-03,
       1.66364964e-02, -8.81814398e-03, -2.24816017e-02, -5.31446701e-03,
       5.17158955e-03, 1.08758667e-02, 6.09652698e-03, -2.04238080e-04,
       -2.41645239e-03, -9.88167711e-04, -1.17663760e-02, 2.96607590e-03,
       1.68644395e-02, 1.57574601e-02, 8.78200214e-03, -4.02014283e-03,
       4.83973185e-03, 1.27939573e-02, -3.56777036e-03, -1.23870755e-02,
       -1.65071618e-02, -1.39947124e-02, 1.36829466e-02, 2.13049408e-02,
       2.77459179e-03, 1.20715108e-02, -5.08001214e-03, 2.29762495e-03,
       -1.34709282e-02, -1.80946905e-02, -1.19367633e-02, 2.59275804e-03,
       2.37138267e-03, -2.47050123e-03, 1.31021123e-02, 1.05151087e-02,
       1.26307113e-02, -4.93528321e-03, -2.90643563e-03, -1.16926339e-02,
       1.12955282e-02, 1.86404940e-02, -1.09543148e-02, 1.37920156e-02,
       -8.18847492e-03, 1.51384994e-02, -1.15873674e-02, -7.49337312e-04,
       9.29956045e-03, 1.41522419e-02, 1.04992799e-02, 1.71059929e-02,
       8.14396422e-03, 2.89655384e-03, 4.86320257e-03, 9.10979230e-03,
       -3.24688107e-03, -1.51506963e-03, -4.26522922e-03, 9.05833513e-05,
       9.72156972e-03, -5.02087502e-03, 2.59117968e-03, 1.65571161e-02,
       -5.96579770e-03, 8.06736643e-04, 6.84508821e-03, 1.05213532e-02,
       6.62403507e-03, 2.42315582e-03, 1.15193604e-02, 3.47053312e-04,
       1.85342901e-03, -4.92874114e-03, -9.36255138e-03, -6.93578098e-04,
       -1.02545246e-02, 5.60019072e-03, 2.37816758e-02, -2.32923776e-03,
       -1.70638447e-03, 7.52139697e-03, -1.34793147e-02, -8.52187816e-03,
       -7.91371055e-03, 1.75691582e-02, -2.58138054e-03, -6.73462451e-03,
       1.86646322e-03, 1.76410154e-02, -9.35498998e-03, 1.37284782e-03,
       -1.63742737e-03, 1.19788041e-02, 1.18323811e-03, 9.14511271e-03,
       -3.78481927e-03, 7.23455381e-03, 1.50724296e-02, -7.22807087e-03,
       4.24588053e-03, -7.60592613e-03, 5.29096322e-03, 2.72893235e-02,
       1.65216625e-02, -6.60391478e-03, -1.57835186e-02, -7.39336759e-03,
       -6.50059478e-03, 7.26920960e-04, -6.64045452e-04, -2.34528966e-02,
       -2.18831226e-02, -4.44621826e-03, -7.19063077e-03, 1.49772805e-03,
       -1.50593845e-02, 7.01715378e-03, 4.86890879e-03, 5.61978249e-03,
       -1.13110719e-02, 2.48516947e-02, 9.90246981e-03, 1.56023540e-03,
       -1.56977940e-02, 1.61455963e-02, -9.79520474e-03, 1.59866351e-03,
       5.20933932e-03, 1.58815291e-02, 4.66666976e-03, 1.43174091e-02,
       -1.27005847e-02, -6.51681144e-03, 5.15402015e-03, -1.57592911e-02,
       -4.45396779e-03, -2.15070997e-03, -1.04752872e-02,
       -7.45736714e-03, 2.21679290e-03, -6.76455558e-04, -3.60823190e-03,
